[1,0],[0,0],[4,0],[0,0],[1,0],[0,0],[1,0],[0,0],[1,0],[0,0],[1,0],[0,0],[1,0],[0,0],[1,0],[4,0],[1,0],[0,0],[1,0],[0,0]|
[0,0],[1,0],[4,0],[1,0],[0,0],[1,0],[0,0],[1,0],[0,0],[1,0],[0,0],[1,0],[0,0],[1,0],[0,0],[4,0],[0,0],[1,0],[0,0],[1,0]|
[1,0],[0,0],[4,2],[5,0],[7,0],[5,0],[5,0],[5,0],[5,0],[5,0],[5,0],[5,0],[5,0],[5,0],[5,0],[7,1],[1,0],[0,0],[1,0],[0,0]|
[0,0],[1,0],[0,0],[1,0],[4,0],[1,0],[0,0],[1,0],[0,0],[1,0],[0,0],[1,0],[0,0],[1,0],[0,0],[4,0],[0,0],[1,0],[0,0],[1,0]|
[1,0],[0,0],[1,0],[0,0],[4,0],[0,0],[1,0],[0,0],[1,0],[0,0],[1,0],[0,0],[1,0],[0,0],[1,0],[4,0],[1,0],[0,0],[1,0],[0,0]|
[0,0],[1,0],[0,0],[1,0],[4,0],[1,0],[0,0],[1,0],[0,0],[1,0],[0,0],[1,0],[0,0],[1,0],[0,0],[4,0],[0,0],[1,0],[0,0],[1,0]|
[0,0],[1,0],[0,0],[1,0],[4,0],[1,0],[0,0],[1,0],[0,0],[1,0],[0,0],[1,0],[0,0],[1,0],[0,0],[4,0],[0,0],[1,0],[0,0],[1,0]|
[1,0],[0,0],[1,0],[0,0],[4,0],[0,0],[1,0],[0,0],[1,0],[0,0],[1,0],[0,0],[1,0],[0,0],[1,0],[4,0],[1,0],[0,0],[1,0],[0,0]|
[0,0],[1,0],[0,0],[1,0],[4,0],[1,0],[0,0],[1,0],[0,0],[1,0],[0,0],[1,0],[0,0],[1,0],[0,0],[4,0],[0,0],[1,0],[0,0],[1,0]|
[0,0],[1,0],[0,0],[1,0],[4,0],[1,0],[0,0],[1,0],[0,0],[1,0],[0,0],[1,0],[0,0],[1,0],[0,0],[4,0],[0,0],[1,0],[0,0],[1,0]|
[1,0],[0,0],[1,0],[0,0],[4,0],[0,0],[1,0],[0,0],[1,0],[0,0],[1,0],[0,0],[1,0],[0,0],[1,0],[4,0],[1,0],[0,0],[1,0],[0,0]|
[0,0],[1,0],[0,0],[1,0],[4,0],[1,0],[0,0],[1,0],[0,0],[1,0],[0,0],[1,0],[0,0],[1,0],[0,0],[4,0],[0,0],[1,0],[0,0],[1,0]|
[0,0],[1,0],[0,0],[1,0],[4,0],[1,0],[0,0],[1,0],[0,0],[1,0],[0,0],[4,1],[5,0],[5,0],[5,0],[5,2],[0,0],[1,0],[0,0],[1,0]|
[1,0],[0,0],[1,0],[0,0],[4,0],[0,0],[1,0],[0,0],[1,0],[0,0],[1,0],[4,0],[0,0],[0,0],[1,0],[0,0],[1,0],[0,0],[1,0],[0,0]|
[0,0],[1,0],[0,3],[1,0],[4,0],[1,0],[0,0],[1,0],[0,0],[1,0],[0,0],[4,0],[1,0],[0,0],[0,0],[1,0],[0,0],[1,0],[0,0],[1,0]|
[0,0],[1,0],[0,0],[1,0],[4,0],[1,0],[0,0],[1,0],[0,0],[1,0],[0,0],[4,0],[0,0],[1,0],[0,0],[1,0],[0,0],[1,0],[0,0],[1,0]|
[1,0],[0,0],[1,0],[0,0],[4,0],[0,0],[1,0],[0,0],[1,0],[0,0],[1,0],[4,0],[1,0],[0,0],[1,0],[0,0],[1,0],[0,0],[1,0],[0,0]|
[0,0],[1,0],[0,0],[1,0],[4,0],[1,0],[0,0],[1,0],[0,0],[1,0],[0,0],[4,0],[0,0],[1,0],[0,0],[1,0],[0,0],[1,0],[0,0],[1,0]|
[0,0],[1,0],[0,0],[1,0],[4,0],[1,0],[0,0],[1,0],[0,0],[1,0],[0,0],[4,0],[0,0],[1,0],[0,0],[1,0],[0,0],[1,0],[0,0],[1,0]|
[1,0],[0,0],[1,0],[0,0],[4,0],[0,0],[1,0],[0,0],[1,0],[0,0],[1,0],[4,0],[1,0],[0,0],[1,0],[0,0],[1,0],[0,0],[1,0],[0,0]|
[0,0],[1,0],[0,0],[1,0],[4,0],[1,0],[0,0],[1,0],[0,0],[1,0],[0,0],[4,0],[0,0],[1,0],[0,0],[1,0],[0,0],[1,0],[0,0],[1,0]|
[0,0],[1,0],[0,0],[1,0],[4,0],[1,0],[0,0],[1,0],[0,0],[1,0],[0,0],[4,0],[0,0],[1,0],[0,0],[1,0],[0,0],[1,0],[0,0],[1,0]|
[1,0],[0,0],[1,0],[0,0],[4,0],[0,0],[1,0],[0,0],[1,0],[0,0],[1,0],[4,0],[1,0],[0,0],[1,0],[0,0],[1,0],[0,0],[1,0],[0,0]|
[0,0],[1,0],[0,0],[1,0],[8,1],[5,0],[5,0],[5,0],[5,0],[5,0],[5,0],[6,0],[5,0],[5,0],[5,0],[5,0],[5,0],[5,0],[5,0],[5,0]|
[0,0],[1,0],[0,0],[1,0],[4,0],[1,0],[0,0],[1,0],[0,0],[1,0],[0,0],[4,0],[0,0],[1,0],[0,0],[1,0],[0,0],[1,0],[0,0],[1,0]|
[1,0],[0,0],[1,0],[0,0],[4,0],[0,0],[1,0],[0,0],[1,0],[0,0],[1,0],[4,0],[1,0],[0,0],[1,0],[0,0],[1,0],[0,0],[1,0],[0,0]|
[0,0],[1,0],[0,0],[1,0],[4,0],[1,0],[0,0],[1,0],[0,0],[1,0],[0,0],[4,0],[0,0],[1,0],[0,0],[1,0],[0,0],[1,0],[0,0],[1,0]|
[0,0],[1,0],[0,0],[1,0],[4,0],[1,0],[0,0],[1,0],[0,0],[1,0],[0,0],[4,0],[0,0],[1,0],[0,0],[1,0],[0,0],[1,0],[0,0],[1,0]|
[1,0],[0,0],[1,0],[0,0],[4,0],[0,0],[1,0],[0,0],[1,0],[0,0],[1,0],[4,2],[5,0],[5,0],[5,0],[5,0],[5,1],[0,0],[1,0],[0,0]|
[0,0],[1,0],[0,0],[1,0],[4,0],[1,0],[0,0],[1,0],[0,0],[1,0],[0,0],[1,0],[0,0],[0,0],[0,0],[1,0],[4,0],[1,0],[0,0],[1,0]|
[0,0],[1,0],[0,0],[0,0],[4,0],[1,0],[0,0],[1,0],[0,0],[1,0],[0,0],[1,0],[0,0],[1,0],[0,0],[1,0],[4,0],[1,0],[0,0],[1,0]|
[1,0],[0,0],[1,0],[0,0],[4,0],[0,0],[1,0],[0,0],[1,0],[0,0],[1,0],[0,0],[1,0],[0,0],[1,0],[0,0],[4,0],[0,0],[1,0],[0,0]|
[0,0],[1,0],[0,0],[1,0],[4,0],[1,0],[0,0],[1,0],[0,0],[1,0],[0,0],[1,0],[0,0],[1,0],[0,0],[1,0],[4,0],[1,0],[0,0],[1,0]|

